Esta es la lista de las repeticiones: 

4016, 3921, 3637, 4479, 4190, 4883, 4050, 4013, 
4332, 4650, 3712, 4015, 4956, 4522, 5746, 5768, 
5293, 3878, 4735, 3636, 3818, 4297, 4050, 5059, 
4350, 4671, 4576, 4694, 5490, 3432, 5037, 8220, 
4056, 3967, 4127, 6616, 4355, 3235, 4640, 4038, 
4085, 4461, 4224, 5486, 4451, 4780, 3797, 4521, 
4269, 4225, 4536, 4919, 4461, 5442, 4548, 4401, 
4038, 5396, 6714, 5061, 6232, 5440, 4396, 6479, 
4869, 4063, 4303, 5196, 5484, 5409, 3753, 3807, 
5230, 3884, 4729, 3926, 3546, 3776, 4021, 4205, 
3919, 4152, 5367, 6132, 4328, 4956, 3862, 4357, 
5820, 4385, 4819, 3877, 5605, 3762, 3917, 4461, 
5396, 4506, 3631, 6191, 4732, 5618, 4262, 3698, 
4492, 3972, 4522, 4150, 4869, 4656, 4089, 4498, 
6362, 4811, 3739, 7889, 4312, 4665, 5243, 5568, 
3787, 5319, 5733, 3663, 5035, 4862, 3723, 4591, 
4460, 3238, 4418, 3756, 3828, 7253, 3445, 3849, 
4039, 4621, 4465, 6006, 4135, 4001, 7217, 4508, 
4871, 4063, 5208, 6095, 6440, 5531, 4980, 4716, 
3778, 4520, 4858, 4991, 4500, 4781, 5099, 3792, 
4321, 5037, 4302, 4860, 5664, 4188, 4556, 3709, 
3921, 4131, 3543, 5274, 4567, 4599, 4504, 3977, 
4041, 5133, 4669, 5267, 4356, 5011, 5586, 3648, 
3856, 4211, 3540, 4164, 4372, 4986, 4820, 3813, 
4143, 5610, 3593, 4202, 4498, 3976, 4821, 4465, 
4433, 3075, 4410, 4100, 4780, 5104, 4613, 3400, 
4959, 4519, 3491, 4399, 4094, 4220, 4896, 4672, 
3559, 4707, 4435, 4772, 5144, 4173, 4585, 3967, 
5463, 4493, 4806, 5101, 4192, 3661, 3983, 6902, 
4652, 5468, 3874, 4079, 3498, 4187, 4691, 6713, 
5711, 4258, 4827, 4725, 4992, 4675, 5027, 4324, 
3903, 4201, 4840, 5476, 4442, 5661, 4553, 3284, 
5575, 4200, 3390, 5178, 5379, 5770, 4456, 4858, 
4989, 5276, 3211, 5089, 6784, 5835, 5601, 3956, 
5072, 4771, 4805, 4099, 5135, 5046, 4874, 4882, 
3956, 5604, 4144, 4559, 4022, 5578, 6554, 4762, 
4627, 4214, 4762, 3327, 3943, 5175, 4603, 4029, 
4364, 5122, 5174, 3513, 3590, 4590, 4626, 7574, 
3784, 4146, 4731, 6339, 3690, 4384, 6049, 4911, 
4744, 4440, 3568, 3903, 5372, 4323, 5563, 3604, 
3756, 4523, 4430, 4858, 6508, 3663, 4396, 4858, 
4308, 5776, 3730, 3471, 4953, 5330, 3988, 3613, 
5030, 5086, 5790, 5036, 7166, 5125, 5032, 4233, 
4218, 5629, 4597, 3945, 5708, 5631, 4749, 5313, 
4485, 4424, 4292, 4114, 4580, 4111, 4593, 3988, 
5609, 6064, 4116, 3467, 4597, 4204, 4491, 4261, 
4518, 5236, 3795, 3641, 4931, 3546, 4864, 5033, 
4928, 4392, 4570, 5456, 3488, 4456, 4748, 4854, 
4091, 4780, 4072, 4596, 3616, 5549, 3819, 4889, 
3498, 4251, 6113, 4388, 4421, 4642, 5688, 5565, 
4852, 6643, 3936, 4380, 4469, 5207, 4469, 4600, 
4743, 5729, 4370, 4877, 5642, 5190, 3780, 4597, 
5244, 4242, 4760, 4540, 5245, 6656, 4694, 4539, 
5362, 3205, 5306, 4474, 4815, 5353, 4488, 4814, 
4388, 5300, 4451, 4940, 3454, 5630, 5035, 4474, 
6471, 6678, 3827, 5195, 3953, 4434, 3730, 4123, 
5099, 4926, 3856, 4935, 3777, 3963, 3159, 4598, 
5491, 6974, 3885, 6065, 4705, 3871, 5671, 3893, 
4421, 4532, 4357, 4601, 4683, 5323, 5175, 4876, 
3917, 4261, 5209, 4203, 3558, 5954, 4250, 6178, 
4532, 3365, 4785, 4139, 3845, 4787, 4276, 4458, 
4634, 4976, 4164, 4867, 3908, 5986, 6508, 4833, 
4108, 4598, 4876, 6131, 5189, 3872, 6229, 4701, 
4938, 4123, 3597, 5252, 4841, 6048, 4249, 6608, 
3846, 5811, 4216, 6057, 4718, 4152, 4015, 5696, 
3099, 5143, 4378, 3926, 4154, 6498, 4895, 5590, 
8231, 4325, 4049, 4307, 4035, 4344, 5038, 4190, 
4138, 4662, 4784, 3919, 7247, 4834, 4042, 4498, 
5002, 4401, 4144, 4441, 4486, 4374, 5752, 4996, 
4492, 5580, 4373, 3742, 7472, 4288, 5704, 5264, 
4847, 4484, 4980, 4923, 4212, 4294, 5876, 4281, 
4730, 4745, 4900, 5764, 4900, 4958, 4810, 5206, 
4701, 4852, 5102, 4383, 4005, 5361, 4164, 4174, 
4404, 3868, 5032, 5378, 4943, 4511, 5378, 4248, 
4532, 4181, 6137, 4638, 4695, 4374, 4243, 4156, 
5940, 3591, 5238, 4385, 4222, 6829, 7401, 4332, 
3936, 3837, 4766, 4912, 5917, 4519, 3952, 4472, 
5302, 4647, 4941, 4988, 4058, 4134, 6614, 4256, 
3708, 5251, 4297, 4944, 4646, 5283, 4248, 5756, 
4381, 4226, 4353, 4098, 4649, 5392, 4103, 4409, 
5812, 4109, 5425, 5047, 5239, 4600, 4358, 4613, 
5722, 4786, 5146, 5118, 3365, 5686, 4517, 4893, 
6351, 4081, 5874, 4758, 3553, 5102, 3878, 5273, 
4782, 3894, 4836, 3431, 4191, 4382, 3941, 5265, 
4020, 4600, 4160, 5408, 4272, 4088, 4248, 4555, 
4902, 3592, 4766, 4779, 3985, 3870, 4411, 4118, 
4169, 5173, 4811, 4909, 4059, 4767, 5808, 5724, 
4163, 5050, 4026, 3777, 4065, 4771, 4632, 4411, 
5330, 4270, 3678, 3698, 4600, 5290, 4678, 3787, 
4305, 4224, 4821, 5778, 5664, 5080, 4453, 4626, 
5202, 5218, 4483, 4513, 5320, 4623, 5260, 4103, 
6479, 6106, 5135, 4798, 4590, 4400, 4151, 4052, 
6487, 5395, 5293, 4039, 5023, 5535, 6229, 5804, 
5150, 5125, 4431, 4898, 4033, 4936, 5203, 3821, 
4801, 4589, 4083, 4173, 4309, 4042, 5243, 3544, 
5989, 5583, 3626, 5687, 6069, 4024, 4183, 5111, 
4507, 4887, 4027, 3843, 3937, 4936, 5458, 3880, 
6012, 5094, 5939, 4184, 6209, 5915, 5634, 6834, 
4180, 2746, 4008, 5126, 4337, 5912, 4629, 4730, 
6051, 3730, 4281, 5801, 5983, 6050, 4544, 5343, 
3886, 7305, 4992, 4274, 3760, 5249, 6233, 4090, 
4870, 5104, 5452, 3543, 4682, 4325, 4411, 8138, 
4346, 3588, 3589, 4926, 3519, 4008, 4690, 4581, 
7274, 3929, 4600, 3420, 4644, 4465, 4055, 3666, 
5682, 3906, 4263, 4283, 5781, 4188, 4945, 3638, 
3790, 5084, 5935, 6134, 4358, 4951, 4301, 6316, 
4674, 4408, 4103, 4535, 5201, 3476, 5401, 4319, 
5310, 5125, 4161, 4209, 4735, 4143, 3355, 4394, 
3676, 5762, 3852, 5599, 4570, 3962, 4484, 3490, 
4533, 4590, 4370, 3889, 4787, 3892, 5627, 4128, 
4057, 6397, 4783, 4738, 4888, 4331, 4787, 5256, 
3718, 3725, 4678, 4957, 4741, 4464, 5144, 3872, 
4160, 4273, 4774, 4533, 5154, 5072, 3898, 5201, 
4144, 4129, 4946, 5224, 4415, 4486, 5950, 4392, 
6096, 3635, 4645, 3526, 4884, 4107, 3994, 4133, 
4011, 5441, 5187, 4009, 5335, 5531, 3592, 4193, 
5506, 5476, 4212, 4170, 5173, 4429, 5329, 5002, 
7470, 4067, 4169, 3798, 4294, 5377, 4731, 5880, 
4247, 4321, 4126, 4658, 5751, 6239, 3844, 4964, 
5484, 4001, 4552, 4297, 5403, 6802, 3982, 3992, 
3881, 3528, 3861, 5799, 4139, 4490, 4032, 3885, 
4830, 4352, 5612, 3693, 4870, 4785, 4404, 4569, 
4004, 8308, 4094, 4217, 5277, 3200, 3962, 4299, 
3616, 4297, 5369, 4588, 4896, 5679, 6509, 7086, 
4058, 4240, 4055, 6464, 4295, 3693, 4770, 5983]